 BORN EFFECTIVE CHARGES (in e, cummulative output)
 -------------------------------------------------
 ion    1
    1     1.45933    -0.01497     0.30323
    2     0.00300     0.53993     0.04801
    3     0.04322     0.01651     0.33430
 ion    2
    1     1.50473    -0.16779     0.23878
    2    -0.21010     0.71475     0.21131
    3    -0.02652     0.09718     0.42565
 ion    3
    1     1.48214    -0.02081     0.28686
    2    -0.01292     0.62472    -0.05368
    3     0.02553    -0.00962     0.36166
 ion    4
    1     1.43970     0.06060     0.25860
    2     0.07581     0.71519    -0.12880
    3     0.03293    -0.05141     0.42267
 ion    5
    1     1.46903    -0.00537     0.25596
    2     0.00235     0.66342     0.01060
    3     0.06784     0.00202     0.30057
 ion    6
    1     1.52812     0.00149     0.22235
    2     0.00041     0.63966     0.00025
    3     0.08353    -0.00627     0.06212
 ion    7
    1     1.49686    -0.00285     0.30873
    2     0.00084     0.65162    -0.00814
    3     0.05776    -0.00312     0.28695
 ion    8
    1     1.54853     0.00941     0.27598
    2    -0.00110     0.66860     0.01168
    3     0.06482    -0.00797     0.30685
 ion    9
    1     1.49753     0.00563     0.31689
    2    -0.00079     0.67187    -0.00219
    3     0.06459     0.00322     0.32795
 ion   10
    1     1.51425     0.00982     0.28654
    2     0.00099     0.66168    -0.01362
    3     0.08347    -0.00630     0.05545
 ion   11
    1     1.49543    -0.01037     0.31611
    2    -0.00010     0.67606     0.00555
    3     0.06505    -0.00067     0.34131
 ion   12
    1     1.51540    -0.00447     0.28635
    2     0.00015     0.65195     0.01314
    3     0.06528     0.00416     0.31111
 ion   13
    1     1.41787    -0.00033     0.44850
    2     0.00128     0.47421     0.00049
    3     0.13116     0.00026     0.28655
 ion   14
    1     1.39538     0.00020     0.46240
    2    -0.00052     0.47942     0.00028
    3     0.11737    -0.00040     0.35934
 ion   15
    1     1.41956    -0.00037     0.45233
    2     0.00084     0.46606     0.00037
    3     0.13468     0.00180     0.28322
 ion   16
    1     1.39844     0.00020     0.46700
    2    -0.00021     0.46864     0.00079
    3     0.12685     0.00181     0.34145
 ion   17
    1     2.68917     0.00711    -0.36984
    2     0.03310     3.47545     0.07324
    3    -0.18291     0.02200     0.85995
 ion   18
    1     2.60005    -0.10975    -0.50888
    2    -0.00342     3.53272    -0.04306
    3    -0.02532     0.01808     0.72984
 ion   19
    1     2.57142    -0.00478     0.00772
    2    -0.01111     3.42324    -0.03079
    3    -0.05021    -0.01384     1.34176
 ion   20
    1     2.79478     0.09340     0.06961
    2     0.10305     3.56666     0.06658
    3     0.31770    -0.04185     1.19898
 ion   21
    1     2.64936     0.00207    -0.13299
    2    -0.00361     3.47018     0.00639
    3    -0.05279     0.00287     1.03032
 ion   22
    1     2.53730    -0.01135    -0.19431
    2    -0.00909     3.48056    -0.02955
    3    -0.05184    -0.01776     0.98918
 ion   23
    1     2.65225    -0.00013    -0.12549
    2     0.00284     3.41631     0.02252
    3    -0.05576    -0.00003     1.02490
 ion   24
    1     2.57033     0.01310    -0.11195
    2     0.01888     3.42510     0.04110
    3    -0.05083     0.01722     0.98313
 ion   25
    1     2.60843     0.00081    -0.21129
    2    -0.00378     3.45036     0.00648
    3    -0.05660     0.00135     1.00408
 ion   26
    1     2.52232     0.00065    -0.22908
    2    -0.00283     3.45931    -0.01843
    3    -0.06722    -0.00011     0.98817
 ion   27
    1     2.60570    -0.00019    -0.21624
    2    -0.00302     3.41434     0.01206
    3    -0.05294     0.00229     1.00469
 ion   28
    1     2.52430    -0.00102    -0.23906
    2     0.00875     3.42003     0.01833
    3    -0.06443    -0.00191     0.99343
 ion   29
    1     2.51280     0.00120    -0.53453
    2    -0.00317     3.57661     0.00608
    3    -0.18500    -0.00062     0.86297
 ion   30
    1     2.49625     0.00140    -0.53063
    2    -0.00008     3.58284     0.00113
    3    -0.13898    -0.04030     0.80898
 ion   31
    1     2.51248    -0.00101    -0.53500
    2    -0.00270     3.57765     0.00358
    3    -0.18511     0.00292     0.86335
 ion   32
    1     2.49589    -0.00164    -0.53138
    2     0.00174     3.58527     0.00009
    3    -0.13700     0.04034     0.80680
 ion   33
    1    -1.93860    -0.08851     0.09202
    2    -0.08431    -2.17501    -0.08126
    3    -0.17674    -0.01071    -0.30126
 ion   34
    1    -1.68443    -0.13316    -0.03294
    2    -0.16038    -1.60244    -0.26861
    3     0.02487    -0.13693    -0.55249
 ion   35
    1    -1.93885     0.11763     0.06109
    2     0.08161    -2.17335     0.10328
    3    -0.20176    -0.00713    -0.25752
 ion   36
    1    -1.66863     0.15273    -0.05403
    2     0.10709    -1.57662     0.23865
    3    -0.01564     0.12273    -0.53241
 ion   37
    1    -2.11716    -0.02947    -0.12492
    2     0.04111    -2.03344    -0.04253
    3     0.06975    -0.09144    -0.66144
 ion   38
    1    -1.89164    -0.08319    -0.04573
    2    -0.05677    -2.02094    -0.00812
    3     0.00410    -0.09467    -0.65715
 ion   39
    1    -2.09004     0.04616    -0.12792
    2    -0.02941    -2.07576     0.01470
    3     0.05337     0.09371    -0.66751
 ion   40
    1    -2.04035     0.08351    -0.06478
    2     0.01740    -1.97502     0.00288
    3     0.03429     0.08080    -0.66077
 ion   41
    1    -2.17516    -0.01811    -0.13918
    2    -0.05453    -1.98437    -0.00270
    3    -0.00449     0.00030    -0.63948
 ion   42
    1    -2.00486     0.01574    -0.04102
    2    -0.00283    -2.09619    -0.01143
    3     0.00460    -0.00452    -0.67530
 ion   43
    1    -2.14968     0.00264    -0.11400
    2     0.04399    -1.99593    -0.00688
    3     0.00803     0.00242    -0.65754
 ion   44
    1    -1.98764    -0.01138    -0.01441
    2    -0.00418    -2.09687     0.00997
    3    -0.00059     0.00636    -0.65324
 ion   45
    1    -2.09157     0.00661    -0.07906
    2    -0.01150    -2.05538    -0.00461
    3    -0.00359     0.00081    -0.67136
 ion   46
    1    -1.96839     0.00945    -0.02139
    2     0.04471    -2.06744     0.03489
    3     0.03255     0.00651    -0.67890
 ion   47
    1    -2.13928     0.00061    -0.10210
    2     0.01467    -2.03186    -0.01012
    3    -0.01785    -0.00243    -0.66035
 ion   48
    1    -2.01565    -0.01085    -0.02423
    2    -0.04431    -2.05314    -0.03499
    3     0.00782    -0.00445    -0.67308
 ion   49
    1    -2.14972    -0.00229    -0.07884
    2    -0.00068    -2.02087    -0.00928
    3    -0.00315    -0.00545    -0.65451
 ion   50
    1    -2.02353     0.00214    -0.02233
    2     0.00577    -2.07717    -0.01287
    3     0.00576    -0.00344    -0.66591
 ion   51
    1    -2.15068    -0.00217    -0.08018
    2     0.00233    -2.01087     0.00166
    3     0.00057     0.00234    -0.65524
 ion   52
    1    -2.02328     0.00091    -0.02157
    2    -0.00734    -2.05789     0.01217
    3     0.00925     0.00639    -0.66280
 ion   53
    1    -1.98944    -0.00104    -0.04384
    2    -0.00157    -2.05644     0.00125
    3     0.00567    -0.00125    -0.69304
 ion   54
    1    -1.92080    -0.00355     0.00431
    2    -0.00242    -2.07236     0.00853
    3     0.03153     0.00088    -0.69140
 ion   55
    1    -1.98958     0.00525    -0.04244
    2     0.00742    -2.05690    -0.01159
    3     0.00650    -0.00026    -0.69495
 ion   56
    1    -1.91889     0.00013     0.00533
    2    -0.00198    -2.06106    -0.00635
    3     0.03107    -0.00274    -0.69143
 ion   57
    1    -2.13369    -0.00097     0.04955
    2     0.00085    -1.86367    -0.00434
    3     0.01074    -0.00612    -0.53297
 ion   58
    1    -2.05722     0.00018     0.06100
    2    -0.00087    -1.88717     0.00044
    3    -0.00373    -0.00015    -0.53098
 ion   59
    1    -2.13773    -0.00103     0.04747
    2    -0.00004    -1.85615    -0.00448
    3     0.01246    -0.00002    -0.53625
 ion   60
    1    -2.06226     0.00083     0.05587
    2    -0.00061    -1.87744     0.00139
    3     0.01325     0.00199    -0.52642
 ion   61
    1    -1.82039     0.00009     0.00171
    2     0.00117    -2.17889    -0.00183
    3     0.04213     0.00508    -0.58454
 ion   62
    1    -1.84104    -0.00013     0.01523
    2    -0.00006    -2.18381    -0.00144
    3    -0.17808     0.00158    -0.20726
 ion   63
    1    -1.82362     0.00039    -0.00002
    2     0.00093    -2.17691    -0.00220
    3     0.03839     0.00353    -0.58612
 ion   64
    1    -1.84501    -0.00013     0.01537
    2     0.00084    -2.18186    -0.00039
    3    -0.05274    -0.00063    -0.42850
 ion   65
    1    -1.15046     0.01087    -0.19793
    2     0.03505    -1.32734    -0.40912
    3    -0.06668    -0.37030    -1.24217
 ion   66
    1    -1.52743    -0.07922    -0.48571
    2    -0.06452    -0.98917    -0.02296
    3    -0.40626    -0.03815    -1.10704
 ion   67
    1     0.97123     0.05258     0.41204
    2     0.03565     0.23643     0.01262
    3     0.40139     0.02191     0.42266
 ion   68
    1     0.16031     0.14156     0.09027
    2     0.07184     0.72553     0.26162
    3     0.05101     0.35421     0.74246
 ion   69
    1     0.41306    -0.21509     0.14938
    2    -0.20702     0.44105    -0.23061
    3     0.06219    -0.06641     0.24317
 ion   70
    1    -0.08635    -0.18902    -0.02716
    2    -0.10956    -0.15497     0.02260
    3    -0.05382     0.02017    -0.00209
 ion   71
    1    -0.12901     0.17687    -0.00280
    2     0.10381    -0.07446    -0.03010
    3    -0.03840    -0.04192    -0.00888
 ion   72
    1    -0.04590    -0.00872    -0.02862
    2    -0.00733     0.04302     0.01039
    3     0.05565     0.02342    -0.26987
 ion   73
    1     0.41651     0.28923     0.18243
    2     0.29937     0.48669     0.25849
    3     0.08902     0.09302     0.26499
 ion   74
    1     0.03236    -0.11540     0.02345
    2    -0.09509    -0.36882     0.09121
    3     0.01718     0.01017    -0.08790
 ion   75
    1    -0.08503     0.03740    -0.16728
    2     0.00454     0.00204    -0.01866
    3    -0.21526     0.04709    -0.18550
 ion   76
    1    -0.10561    -0.00999     0.12460
    2     0.04170    -0.01122    -0.08107
    3     0.21729    -0.04819    -0.12540
