001 3496.538644 .247507977708
002 3369.813774 .404980326493
003 3000.180875 .08258982353837
004 2958.165736 .05847481022370
005 2938.110431 .0568038916050884
006 2921.283731 .16058982081245
007 2890.834252 .11149487958685
008 2812.629313 .190764424757
009 1431.546184 .0092527865728789
010 1426.361614 .0038447872636329
011 1425.373582 .00085179940811
012 1421.141640 .0017396367557549
013 1409.201469 .0108302901221449
014 1401.803188 .01689623429761
015 1128.385746 .0046785081636044
016 1125.871490 .00810065078262
017 1109.773263 .0024245423490141
018 1105.154084 .00394285701946
019 1029.448336 .283966914230
020 1025.803264 .14058629388616
021 1018.418636 .01339219525106
022 934.305444 .06653399285425
023 797.438071 .538387632398
024 658.307349 .36505125038521
025 463.293762 .11214927995304
026 411.161202 .03750022161525
027 394.571440 .24100018066241
028 373.569292 .02960243925389
029 346.416475 .0094281016815534
030 294.015319 .01072894497893
031 269.341821 .25053850214285
032 261.317511 .01754479484045
033 250.098790 .17021721523085
034 233.917247 .03161619581717
035 222.539691 .12347595204746
036 201.789169 .01291549156267
037 179.481134 .04932948228589
038 174.196574 .001441937374161449
039 90.322361 .00700611426821
040 37.237099 .04439497443161
041 26.352021 .00958114405742
042 76.329536 .01407091537556
043 97.167786 .02242574128561
044 98.194320 .01540194698074
045 134.199564 .2061681180382681
046 162.302884 .01334131871062
047 165.885514 .0010778807575110
048 177.696981 .00515614347222
049 180.208634 .00578155814837
050 192.835523 .002453075457756164
051 204.248387 .0023000821082601
