001 3496.5 0.460
002 3369.8 0.752
003 3000.2 0.153
004 2958.2 0.109
005 2938.1 0.106
006 2921.3 0.298
007 2890.8 0.207
008 2812.6 0.354
009 1431.5 0.017
010 1426.4 0.007
011 1425.4 0.002
012 1421.1 0.003
013 1409.2 0.020
014 1401.8 0.031
015 1128.4 0.009
016 1125.9 0.015
017 1109.8 0.005
018 1105.2 0.007
019 1029.4 0.527
020 1025.8 0.261
021 1018.4 0.025
022  934.3 0.124
023  797.4 1.000
024  658.3 0.678
025  463.3 0.208
026  411.2 0.070
027  394.6 0.448
028  373.6 0.055
029  346.4 0.018
030  294.0 0.020
031  269.3 0.465
032  261.3 0.033
033  250.1 0.316
034  233.9 0.059
035  222.5 0.229
036  201.8 0.024
037  179.5 0.092
038  174.2 0.003
039   90.3 0.013
040   37.2 0.082
041   26.4 0.018
042   76.3 0.026
043   97.2 0.042
044   98.2 0.029
045  134.2 0.383
046  162.3 0.025
047  165.9 0.002
048  177.7 0.010
049  180.2 0.011
050  192.8 0.005
051  204.2 0.004
